591
532
412
80
492
415
519
506
472
348
320
262
507
253
358
316
369
422
426
470
360
366
9
10
367
371
23
189
237
579
395
511
326
59
363
213
414
364
225
361
508
588
449
398
475
314
294
22
365
214
531
13
535
231
311
372
379
344
376
419
281
577
31
29
251
499
60
252
25
536
582
478
438
373
460
560
473
265
375
482
299
509
215
289
218
463
571
182
165
458
418
30
469
589
129
500
111
586
425
81
138
515
153
102
570
183
562
436
345
255
429
26
347
221
227
21
12
181
48
551
285
572
464
89
146
337
558
66
322
164
8
380
222
505
465
79
374
552
308
554
351
198
578
466
67
224
528
581
446
437
467
115
385
219
72
580
396
370
232
137
355
24
126
217
534
399
196
319
495
44
205
362
211
298
408
553
168
468
587
254
76
274
223
238
496
199
178
584
131
228
264
317
175
340
6
261
206
541
576
191
312
190
107
516
555
502
421
71
427
290
420
166
359
434
350
585
234
424
428
43
122
42
280
113
141
7
162
11
3
315
493
332
494
110
212
250
197
459
277
16
343
15
321
450
327
172
356
413
125
431
503
352
387
405
545
69
132
209
246
388
354
357
452
368
339
207
430
349
539
40
39
56
258
195
382
310
549
192
309
590
527
236
397
559
453
573
4
591
522
17
394
176
569
338
474
68
501
323
504
49
331
235
229
203
481
226
287
283
52
574
566
510
275
259
384
520
242
5
435
140
184
557
564
296
249
341
346
288
537
230
185
279
257
442
518
64
204
75
127
243
53
556
155
389
260
193
123
150
116
444
208
37
241
484
440
210
533
36
497
336
334
133
245
304
333
543
65
109
512
202
583
28
1
106
233
278
61
523
33
174
318
2
456
194
45
402
14
27
513
200
119
88
404
167
540
105
517
498
47
35
128
291
32
41
244
93
292
46
544
529
443
307
411
97
530
568
173
269
491
282
270
188
409
20
432
239
156
342
306
547
302
108
457
550
451
353
300
186
542
38
267
124
70
256
169
286
54
561
448
441
74
158
187
303
92
526
163
439
94
390
538
101
301
454
548
406
377
381
329
324
216
476
62
248
297
462
272
567
201
378
134
525
455
114
171
273
423
461
18
546
410
276
263
563
335
391
479
477
55
401
159
383
63
416
565
447
145
170
575
284
266
313
77
480
100
83
144
400
490
417
293
78
330
325
407
247
73
99
220
95
433
98
295
240
112
471
268
149
271
392
521
177
386
84
486
393
483
85
157
485
514
524
161
489
305
403
445
96
103
82
19
328
130
488
487
143
104
180
179
147
148
139
154
142
86
151
57
34
118
160
58
152
51
87
50
117
90
91
120
121
135
136
