591
-2.019747 -0.497581 0.279275 -0.824105
-1.981077 1.332340 -1.934204 1.175697
-1.968233 1.173376 0.084757 1.210608
-1.964336 -1.054310 1.548201 -0.891570
-1.964336 -1.054310 1.548201 -0.891570
-1.960893 -0.407290 -1.703959 -0.174242
-1.898572 -1.469604 1.179365 -1.528761
-1.884446 1.355553 -1.656118 1.516205
-1.842718 -0.418059 -1.642820 -0.766341
-1.841075 0.441928 1.770058 1.271244
-1.756501 1.263344 -0.175239 1.702996
-1.745839 -0.151835 -1.524167 0.042102
-1.668833 0.215410 -1.454686 0.368300
-1.605162 -1.215763 -1.510745 0.631217
-1.602393 -1.303663 0.084757 1.210608
-1.595030 -1.611332 -2.616872 -1.180026
-1.539945 -1.758179 0.416089 -1.698290
-1.541382 -1.712388 1.353027 -0.833314
-1.541382 -1.712388 1.353027 -0.833314
-1.527331 -1.692079 1.259783 -0.941776
-1.519566 -0.112786 -1.395565 0.066036
-1.465655 -0.110650 0.456513 0.021959
-1.320679 -1.612399 -1.702658 0.154426
-1.319379 -0.735790 -1.138178 -0.519227
-1.292617 -1.759626 2.486905 -1.479326
-1.257574 -0.113263 -1.079991 0.018391
-1.255142 -0.152114 -1.079991 0.018391
-1.251724 -0.189978 -1.078314 -0.017460
-1.236292 1.320962 -0.645121 -1.392057
-1.224961 -1.500133 -0.434082 -1.203335
-1.194732 0.165982 -1.031129 0.306856
-1.085836 -0.704077 -0.921614 -0.510848
-1.085836 -0.704077 -0.921614 -0.510848
-1.057510 -1.692452 1.042738 -1.663752
-1.051256 1.464268 -1.656118 1.516205
-1.037107 -1.678485 0.775943 -1.684829
-1.022465 -1.260192 -0.088645 -1.001597
-1.014218 -0.687986 -0.852670 -0.497397
-1.005526 -0.177532 -0.848788 -0.022135
-1.005526 -0.177532 -0.848788 -0.022135
-0.977350 -0.649268 -0.818129 -0.466885
-0.970059 -1.544036 0.884073 -1.576454
-0.970059 -1.544036 0.884073 -1.576454
-0.946779 -0.211276 -0.792762 -0.054764
-0.946779 -0.211276 -0.792762 -0.054764
-0.935566 -0.106707 -0.783399 0.045763
-0.935566 -0.106707 -0.783399 0.045763
-0.933497 0.497746 -0.107226 0.630957
-0.899091 1.254892 -0.611754 1.323469
-0.889580 -1.658862 0.089723 -1.374638
-0.889580 -1.658862 0.089723 -1.374638
-0.889525 -1.591729 2.161707 -1.410574
-0.841231 0.796277 1.471698 -1.346132
-0.824200 0.799532 -0.691818 0.893238
-0.809956 -0.061487 -0.660930 0.080200
-0.809956 -0.061487 -0.660930 0.080200
-0.802056 -1.577668 0.140890 -1.432582
-0.802056 -1.577668 0.140890 -1.432582
-0.800008 -0.618392 -0.792762 -0.054764
-0.761027 -0.667227 -0.826940 -0.509076
-0.755232 -1.558102 0.089723 -1.374638
-0.733735 -0.053678 -0.587344 0.084011
-0.720587 -0.615920 -0.568918 -0.457581
-0.701218 -1.510563 -2.580366 -1.143481
-0.680841 -0.124076 -0.534332 0.014608
-0.654382 -1.490993 0.898425 -1.627691
-0.638155 -0.604782 -1.775446 0.440234
-0.634071 -1.476958 0.920249 -1.612608
-0.634071 -1.476958 0.920249 -1.612608
-0.624750 1.211795 -0.338447 1.292482
-0.618057 -0.648778 -0.921614 -0.510848
-0.618057 -0.648778 -0.921614 -0.510848
-0.617666 -0.620991 -0.465751 -0.471131
-0.615064 -0.078164 -0.469346 0.054021
-0.596836 -0.100657 -0.450314 0.026790
-0.596836 -0.100657 -0.450314 0.026790
-0.593712 -0.636043 -0.440746 -0.487451
-0.593712 -0.636043 -0.440746 -0.487451
-0.587528 -0.200863 -0.746791 0.341603
-0.587421 1.486577 2.012130 0.365877
-0.537911 -0.014937 -0.391707 0.112935
-0.520102 -1.476858 1.331509 -0.818511
-0.499796 -1.490920 1.281194 -0.797455
-0.499796 -1.490920 1.281194 -0.797455
-0.498178 0.516374 -0.434355 0.624928
-0.452927 -1.510444 0.357060 -1.576451
-0.452927 -1.510444 0.357060 -1.576451
-0.446389 0.515938 0.067718 0.632533
-0.440650 0.754304 -2.424138 1.666302
-0.399030 -1.558091 1.569829 -1.735916
-0.399030 -1.558091 1.569829 -1.735916
-0.352241 -1.443343 1.439690 -1.504322
-0.352241 -1.443343 1.439690 -1.504322
-0.347361 -0.089603 -0.196127 0.026365
-0.331938 -1.457392 1.461473 -1.519447
-0.331938 -1.457392 1.461473 -1.519447
-0.323730 -0.588752 -0.165781 -0.465312
-0.318579 -1.409704 1.872653 -1.540558
-0.318579 -1.409704 1.872653 -1.540558
-0.298764 -0.058671 -0.148837 0.056106
-0.265038 -0.106239 -0.110804 0.008264
-0.265038 -0.106239 -0.148837 0.056106
-0.251424 -1.558103 0.609665 -1.699839
-0.251424 -1.558103 0.609665 -1.699839
-0.246482 0.995581 -2.434980 1.531509
-0.245589 0.953062 -0.102960 1.043410
-0.238201 0.560852 -0.171502 0.660612
-0.231098 -1.544066 0.631505 -1.684756
-0.231098 -1.544066 0.631505 -1.684756
-0.229332 1.044529 0.613051 1.137536
-0.226920 0.151674 -0.072646 0.261285
-0.217809 1.848250 2.002869 -1.808115
-0.184491 1.467683 -0.184628 1.528451
-0.141878 -0.095767 0.019514 0.010883
-0.131921 0.924612 -2.203082 1.438404
-0.117082 -1.544053 0.284857 -1.540387
-0.096769 -1.490931 0.703664 -1.627663
-0.096769 -1.490931 0.703664 -1.627663
-0.084262 0.529669 0.067718 0.632533
-0.063161 -1.591678 1.569829 -1.735916
-0.063161 -1.591678 1.569829 -1.735916
-0.057415 0.159544 0.101335 0.258569
-0.053346 0.528244 0.067718 0.632533
-0.049901 -1.443291 1.259783 -0.941776
-0.050040 -1.356172 0.680709 -1.481434
-0.052872 -1.205127 -2.674439 -1.252949
-0.029557 -1.457308 0.559362 -1.158453
-0.022525 -0.019065 0.147296 0.083219
0.016777 1.813525 0.577839 -1.609697
0.050877 -1.611204 1.511916 -1.684719
0.084500 -1.476840 1.245707 -0.652833
0.104765 -1.490922 1.244597 -0.963379
0.121948 0.771304 0.800340 -1.319856
0.132119 0.419683 0.305298 0.511291
0.138361 -1.692439 1.461561 -1.663738
0.138361 -1.692439 1.461561 -1.663738
0.171842 -1.308876 0.393404 -1.179889
0.171842 -1.308876 0.429272 -1.215697
0.185225 -1.711966 1.331509 -0.818511
0.186986 0.025376 0.374919 0.115257
0.201324 0.024458 -1.429927 -0.035530
0.205529 -1.726028 1.353027 -0.833314
0.205529 -1.726028 1.353027 -0.833314
0.218801 -1.558108 0.089723 -1.374638
0.218801 -1.558108 0.089723 -1.374638
0.237092 -0.679463 0.448623 -0.606465
0.252377 -1.726037 1.403635 -0.833142
0.252377 -1.726037 1.403635 -0.833142
0.258841 -0.062035 0.456513 0.021959
0.268515 1.243639 0.373549 0.467645
0.286369 -1.692082 1.461561 -1.663738
0.286369 -1.692082 1.461561 -1.663738
0.283657 -0.507155 0.493412 -0.434264
0.305866 -1.645170 1.331509 -0.818511
0.305896 -1.423360 1.028512 -1.215621
0.305896 -1.423360 0.631516 -1.612595
0.319957 -1.624910 1.641976 -1.663759
0.319941 -1.443673 1.151004 -1.627662
0.319956 -1.356214 1.641976 -1.663759
0.319939 -1.208567 0.089723 -1.374638
0.319939 -1.208567 0.089723 -1.374638
0.367709 -0.067031 0.581240 0.011367
0.377110 0.139840 0.586427 0.222269
0.401998 -0.344826 0.640721 -0.283615
0.407862 0.546586 0.532706 0.642546
0.419053 1.036422 0.613051 1.137536
0.423142 1.490837 -1.691986 1.206001
0.436503 0.573857 0.564847 0.670836
0.533361 0.043230 0.765618 0.117835
0.535592 0.079444 0.768328 0.154000
0.540096 0.246048 0.770932 0.327309
0.565023 -0.703122 1.000310 -0.688615
0.640043 1.229958 -0.664789 1.079174
0.674989 0.941521 0.084757 1.210608
0.743547 1.106463 -1.761770 1.395493
0.756101 -0.905973 1.980950 -1.720878
0.776507 -0.919942 0.306701 -1.555471
0.777102 1.174666 1.980950 -1.720878
0.856945 -0.416147 0.609665 -1.699839
0.856945 -0.416147 0.609665 -1.699839
0.875371 -0.281042 -2.530011 -1.122469
0.889644 -0.683533 0.560446 -1.626112
0.889644 -0.683533 0.560446 -1.626112
0.890919 -0.637593 1.172426 -1.049803
0.923066 -0.381116 0.019107 -1.265219
0.978015 -0.670792 1.172426 -1.049803
1.024879 -0.987126 1.151004 -1.627662
1.045190 -0.973076 1.028512 -1.215621
1.082593 0.144775 1.429604 0.196135
1.098883 0.518707 1.438282 0.598310
1.204357 1.193857 1.547885 1.327166
1.204357 1.193857 1.547885 1.327166
1.262033 1.164744 1.625506 1.298513
1.262033 1.164744 1.625506 1.298513
1.272880 0.650267 1.655953 0.741211
1.305666 0.730292 1.692643 0.825813
1.347576 -0.905993 0.920249 -1.612608
1.460276 -0.907482 2.015891 -1.505945
1.506070 1.029884 1.940557 1.159258
1.548913 -0.987181 1.461473 -1.519447
1.548913 -0.987181 1.461473 -1.519447
1.570486 -0.270427 -0.664789 1.079174
1.582541 -0.953565 0.450986 -1.230725
1.616181 -1.020703 0.703664 -1.627663
1.617331 -0.918416 2.233390 -1.663479
1.730119 -0.571562 0.884073 -1.576454
1.763680 -1.040342 1.439690 -1.504322
1.763545 -0.537780 1.187536 -0.891157
1.763545 -0.537780 1.187536 -0.891157
1.784020 -1.054355 1.461473 -1.519447
1.797501 -0.637574 0.631505 -1.684756
1.819066 1.083269 -0.868378 0.647897
1.815696 1.258698 -2.692898 1.405973
1.820350 1.292956 -2.562363 -0.081444
1.820350 1.292956 -2.562363 -0.081444
1.850888 -0.617282 1.172426 -1.049803
1.985210 -0.583738 1.115352 -1.071600
1.994027 1.379688 -0.095932 -0.955396
1.999127 -0.751794 1.006628 -1.230656
2.032884 -0.718056 1.461561 -1.663738
2.052748 -0.516917 1.245707 -0.652833
2.052748 -0.516917 1.245707 -0.652833
2.066159 -1.087949 0.898425 -1.627691
2.066159 -1.087949 0.898425 -1.627691
2.080686 0.707399 -0.391707 0.112935
2.086496 -1.073933 -2.580366 -1.143481
2.133331 -1.054360 0.898425 -1.627691
2.153622 -1.040298 0.140890 -1.432582
2.232638 -0.851053 1.726365 -1.156338
2.232638 -0.851053 1.726365 -1.156338
2.233509 -0.806331 2.233390 -1.663479
2.276215 0.313767 -0.828084 -0.248446
2.300226 -0.884624 1.726365 -1.156338
2.300226 -0.884624 1.726365 -1.156338
2.302609 1.611390 1.249215 1.803498
2.316897 -0.075601 -1.784591 0.008685
2.321067 -0.616271 0.884073 -1.576454
2.351240 1.099075 1.789483 -0.848579
2.489087 -0.785167 0.920249 -1.612608
2.489087 -0.785167 0.920249 -1.612608
2.503134 -0.805466 0.898425 -1.627691
2.503134 -0.805466 0.898425 -1.627691
2.503090 -0.671177 0.089723 -1.374638
2.522643 -0.718024 0.631505 -1.684756
2.535232 -0.985674 0.019107 -1.265219
2.535232 -0.985674 1.895740 -1.770476
2.536677 -0.738349 1.223184 -1.591574
2.556207 -0.785230 1.115352 -1.071600
2.556207 -0.785230 1.115352 -1.071600
2.629101 -0.361530 -0.645121 -1.392057
2.711609 1.628555 -0.279046 0.747919
2.717656 1.734215 1.625506 1.298513
2.833417 1.762721 -2.275724 -0.251941
2.833417 1.762721 0.312891 -1.156768
-1.988355 1.682506 2.120900 1.665186
-1.976356 1.278481 -1.846254 1.169751
-1.897487 -1.130240 -1.645233 -0.827605
-1.890079 -0.543512 -1.646127 -0.298317
-1.833017 -0.902434 -2.247669 -0.672447
-1.785492 1.811707 -1.286452 -0.883003
-1.771889 -1.211955 -1.546086 -0.913055
-1.768853 1.394073 -0.853447 0.728128
-1.638948 -0.232188 -1.429927 -0.035530
-1.544492 1.117055 2.028481 1.852790
-1.463711 1.590383 -1.194149 1.606836
-1.451806 0.481417 -1.337560 0.605182
-1.431714 1.055120 -1.343231 0.506419
-1.366913 0.353776 -1.188104 0.485491
-1.272862 -0.084467 -1.098327 0.077748
-1.252056 -1.124283 -1.286452 -0.883003
-1.194517 0.998422 -1.039118 1.074980
-1.146647 -0.162997 -0.983195 0.002758
-1.146647 -0.162997 -0.983195 0.002758
-1.147082 1.316466 -1.449690 1.590369
-1.075880 -0.185059 -0.916124 -0.022045
-1.075880 -0.185059 -0.916124 -0.022045
-1.057277 0.494620 -0.977932 0.611935
-1.056749 1.001585 -0.910162 1.081376
-1.039904 -0.142851 -0.881846 0.014264
-1.039904 -0.142851 -0.881846 0.014264
-1.027556 0.494553 -0.206204 0.629228
-1.008478 -0.096866 -0.853301 0.057637
-0.999908 0.533782 -0.171502 0.660612
-0.986158 -0.694143 -0.826940 -0.509076
-0.974896 -0.138599 -0.821415 0.016439
-0.974896 -0.138599 -0.821415 0.016439
-0.974896 -0.138599 -0.821415 0.016439
-0.974098 0.999111 -0.109633 1.089857
-0.887962 -0.099826 -0.737757 0.055135
-0.887962 -0.099826 -0.737757 0.055135
-0.867458 -0.140448 -0.717317 0.007185
-0.867458 -0.140448 -0.717317 0.007185
-0.867145 0.502008 -0.795545 0.616144
-0.849776 0.151613 -0.703829 0.280990
-0.847797 0.540009 -0.779110 0.651126
-0.836600 -0.100929 -0.687550 0.041796
-0.836600 -0.100929 -0.687550 0.041796
-0.836600 -0.100929 -0.687550 0.041796
-0.804511 -0.381321 -0.651547 -0.224439
-0.803797 -0.145140 -0.654804 -0.001607
-0.739673 -0.143203 -0.592982 -0.000274
-0.739673 -0.143203 -0.592982 -0.000274
-0.739673 -0.143203 -0.592982 -0.000274
-0.740321 0.481701 -0.600179 0.579658
-0.654730 0.514117 -0.590118 0.625346
-0.642668 -0.024772 -0.499819 0.105235
-0.643242 1.048757 -1.680434 1.501945
-0.596565 1.210207 -0.313851 1.286165
-0.593215 -0.598108 -0.441580 -0.451236
-0.593215 -0.598108 -0.441580 -0.451236
-0.570973 1.176008 -0.289260 1.261056
-0.568318 -0.004138 -0.425132 0.124486
-0.532552 0.999735 0.384025 1.093976
-0.527452 0.255571 -0.378881 0.372725
-0.524571 -1.304376 -1.764850 2.133837
-0.509785 1.158534 -2.188391 1.278080
-0.467126 0.230173 -0.318676 0.346029
-0.449945 -0.031138 -0.302843 0.091292
-0.435848 -1.082885 0.390875 -0.919812
-0.418974 1.274881 -2.448502 0.002641
-0.355635 -1.271385 0.573940 -1.140449
-0.328644 0.266708 -0.175680 0.374986
-0.235070 -0.551535 -0.074318 -0.435113
-0.189446 -0.054585 -0.031366 0.051191
-0.125781 0.564571 -0.052410 0.665958
-0.003244 -0.269336 0.169486 -0.171471
0.006177 0.161941 0.173056 0.261512
0.087687 0.416420 0.259959 0.512543
0.086946 0.538100 -1.861203 -0.062570
0.111554 0.571416 0.202051 0.669964
0.129703 0.023065 0.314520 0.115389
0.152976 -0.985055 -0.261874 -0.934068
0.239629 1.175693 -2.356093 1.811152
0.264284 1.336619 -2.356093 1.811152
0.281361 0.249439 0.474268 0.339192
0.372873 0.575680 0.491147 0.672689
0.389613 0.366914 0.599181 0.456461
0.437392 -0.300452 0.669827 -0.234312
0.441254 0.372961 0.651374 0.459099
0.477073 0.848163 0.674727 0.947959
0.633433 0.913743 0.859479 1.018690
0.633433 0.913743 0.859479 1.018690
0.670272 0.337870 0.919612 0.419178
0.680777 0.813753 0.770392 0.014342
0.855430 -0.295559 2.486905 -1.479326
0.858889 1.263851 -0.549341 1.823718
0.886707 1.023661 -1.004559 1.120676
0.913837 0.621015 1.204714 0.705588
1.037723 0.140893 1.366406 0.196340
1.073056 0.687030 1.398325 0.780439
1.102146 0.649161 1.443412 0.739889
1.159925 0.995784 1.493881 1.111706
1.229258 1.807245 -0.549341 1.823718
1.252994 1.744008 -0.636410 1.612031
1.266643 1.526049 1.621025 1.689184
1.278540 1.139732 1.647097 1.269941
1.325948 1.136629 1.700022 1.269728
1.330610 1.662698 -0.667951 0.820561
1.389076 -0.072179 1.218353 -0.189516
1.435989 0.438706 -0.141367 -0.803288
1.551122 1.519097 2.302997 1.700574
1.555767 1.717797 -0.686614 1.019466
1.689375 0.465503 1.644104 0.853570
1.894662 -0.455543 1.989839 1.955779
1.996198 -0.610618 1.067904 -0.674298
2.007682 0.907388 -2.243018 -1.140652
2.115598 1.316329 2.069982 -0.126904
2.276779 0.313268 -0.828084 -0.248446
2.324035 -0.677712 1.974612 -0.571372
2.458331 -0.879481 1.822079 -1.035546
2.478364 1.509364 1.045395 1.714135
2.478364 1.509364 1.045395 1.714135
2.567369 -0.879233 -2.605001 -1.259349
2.570350 1.100657 2.028481 1.852790
2.591295 -0.423520 1.692643 0.825813
2.603535 1.604914 1.772519 1.821592
-2.054805 -0.263241 -1.850925 -0.033460
-2.014440 -0.260575 -1.815014 -0.034280
-2.002347 -0.912424 -1.809560 0.684867
-1.807110 -0.245097 0.564847 0.670836
-1.680397 -0.113632 -1.465832 0.074207
-1.503506 -0.103320 0.629583 0.017837
-1.482578 -1.148720 -1.286452 -0.883003
-1.479058 0.515425 -0.999419 0.647564
-1.405787 0.074153 -1.218493 0.233154
-1.393495 0.485919 -1.285691 0.608076
-1.052886 -0.431279 -0.892425 -0.254534
-0.907862 0.499130 -0.066980 0.631392
-0.894069 0.536680 -0.822531 0.649442
-0.884741 -0.127601 -0.734639 0.020672
-0.852110 1.257512 -0.567218 1.325395
-0.782403 0.539000 -0.715171 0.650460
-0.761337 -1.277103 -2.405811 -1.103073
-0.710202 -0.026447 -0.565070 0.107166
-0.694292 0.234012 -0.550467 0.357415
-0.668447 -0.515389 -0.519881 -0.363850
-0.619488 1.127404 -0.331163 1.202592
-0.593966 1.150790 -0.315921 1.236141
-0.544754 0.632831 -1.809560 0.684867
-0.506150 -0.607037 -0.352624 -0.465904
-0.506150 -0.607037 -0.352624 -0.465904
-0.485211 -0.031204 -0.337235 0.092075
-0.383068 0.553222 -0.318442 0.657601
-0.197724 -0.102801 -0.037399 0.009566
-0.060534 0.239608 0.095721 0.339068
-0.040077 0.501432 -0.655269 0.592142
-0.009499 0.565005 0.072706 0.665657
0.067032 1.104155 -0.343413 2.102113
0.069797 0.231118 0.243771 0.325799
0.224018 -0.079171 0.419611 0.005816
0.226731 0.512526 0.337107 0.610200
0.491476 -0.471390 -0.806623 0.436488
0.686245 0.913397 0.926661 1.017331
0.709248 0.024352 0.967658 0.090270
0.743749 -0.679177 2.375968 -1.800745
0.921046 -0.233809 -2.172123 1.860085
0.983523 -0.261929 -2.172123 1.860085
1.095046 0.992216 1.418561 1.107833
1.464689 1.272913 -0.622227 -0.811448
1.482428 0.986475 1.914839 1.110445
1.509958 1.512427 1.621025 1.689184
1.790411 1.653735 2.120900 1.665186
1.823902 -0.474466 0.664798 -1.133861
2.161623 -0.353297 -2.284218 -1.396753
2.397442 1.694656 0.948316 1.072550
2.679639 0.581540 1.628072 0.675534
-2.105425 1.756118 -2.792237 1.842829
-1.879231 -0.846527 -2.288810 -0.585738
-1.843629 -1.155253 -1.604959 -0.854843
-1.781508 1.566281 0.105196 1.247685
-1.747486 1.680126 -1.558590 1.665746
-1.583565 1.087624 -1.241793 1.149213
-1.300088 0.349260 -1.128321 0.480002
-1.165194 1.196572 0.079778 1.945967
-1.110329 1.285704 -1.710384 1.504003
-1.100953 0.209274 -0.945070 0.346055
-1.100953 0.209274 -0.945070 0.346055
-1.100953 0.209274 -0.945070 0.346055
-1.107250 1.086307 -0.222786 1.166960
-1.107250 1.086307 -0.222786 1.166960
-1.039792 -0.192066 -0.881561 -0.031144
-1.025005 0.365277 -0.162062 0.500824
-0.991045 0.969961 -1.586484 1.034223
-0.974907 0.564752 -0.143702 0.694199
-0.915797 0.967460 -0.771894 1.050230
-0.686647 -0.386944 -0.544764 -0.245689
-0.576050 0.008100 -0.434712 0.137771
-0.356490 1.078786 -0.222786 1.166960
0.056112 -1.384531 0.487903 -1.338643
0.128856 0.053088 0.313267 0.147041
0.179622 0.182042 0.366171 0.277392
0.192542 0.673171 0.376050 0.769881
0.192542 0.673171 0.376050 0.769881
0.207392 0.132501 0.392608 0.225624
0.207392 0.132501 0.392608 0.225624
0.308421 0.770068 0.493991 0.872583
0.356798 0.262017 0.560066 0.347454
0.462038 0.533066 1.914839 1.110445
0.657960 0.851841 0.891603 0.952183
0.798645 0.066281 -0.009141 -0.804919
1.166129 -0.345406 -2.172123 1.860085
1.919488 -0.468412 0.664798 -1.133861
2.161891 1.592311 1.155149 1.751482
2.172583 1.458467 1.621025 1.689184
2.250224 -0.527994 2.225871 -0.881342
2.276172 1.407292 1.721851 1.647530
2.470615 1.040769 1.992775 1.196855
2.664867 -0.113745 -2.557664 0.104767
2.807529 0.557390 0.817503 1.851987
-2.044271 0.621461 -2.142351 0.745210
-1.812414 0.962291 -1.586484 1.034223
-1.747126 -0.504729 -1.520887 -0.272174
-1.747126 -0.504729 -1.520887 -0.272174
-1.752594 1.743381 -1.527632 1.704546
-1.420065 1.217337 -1.148174 1.272983
-1.158009 0.901656 -1.005337 0.983228
-1.001532 -0.244630 -0.846379 -0.083558
-0.900968 0.214982 -0.746791 0.341603
-0.883352 1.705095 -1.527632 1.704546
-0.875618 -0.648230 -0.720390 -0.475109
-0.875618 -0.648230 -0.304545 -0.465542
-0.846501 1.312288 -0.558645 1.377845
-0.765521 -0.095611 -0.616317 0.044530
-0.668457 -0.625644 -0.516842 -0.472073
-0.553749 -0.610461 -0.401441 -0.466517
-0.553749 -0.610461 -0.401441 -0.466517
-0.459355 -0.602088 -0.304545 -0.465542
-0.459355 -0.602088 -0.304545 -0.465542
-0.459520 -0.111767 -0.312988 0.012819
-0.333173 -0.647793 -0.180352 -0.518977
-0.229284 1.090357 -0.818191 1.170148
-0.126080 -0.651494 0.047706 -0.554861
-0.012972 0.122313 0.160064 0.222926
0.009368 -0.024700 0.182406 0.085656
0.076469 0.177564 0.236711 0.277583
0.076469 0.177564 0.236711 0.277583
0.211472 0.311962 0.396050 0.404015
0.309323 0.207759 0.507774 0.291998
0.313797 0.313758 0.508648 0.401055
0.568081 0.695122 0.795333 0.787931
0.632260 1.445322 -2.193626 1.585340
0.632260 1.445322 -2.193626 1.585340
0.640523 0.229931 0.897504 0.311297
1.006869 0.315245 1.346574 0.381113
1.254583 0.728201 1.624631 0.818599
2.038883 1.816300 -0.091405 1.888509
2.162370 -0.309924 2.433730 -1.761407
2.270485 1.624207 1.217305 1.809592
2.702850 -0.267302 -1.196248 1.275390
-1.959351 -0.617166 -1.705183 -0.362362
-1.926264 -0.438765 -1.670496 -0.206993
-1.817917 1.609065 -1.587192 1.608482
-1.790042 1.107256 -0.818191 1.170148
-1.637423 0.322820 -1.427468 0.464991
-1.604462 1.618856 0.105196 1.247685
-1.287649 -0.629105 -1.112178 -0.422856
-1.149080 1.024634 -0.996221 1.098700
-1.149080 1.024634 -0.996221 1.098700
-1.091533 -0.111771 1.026224 0.714220
-1.024446 0.359095 -0.874447 0.476158
-0.756455 0.090587 -0.605680 0.222164
-0.612930 0.726442 -1.953572 -0.381320
-0.498887 0.214755 -0.348286 0.333745
-0.393548 -0.073470 -0.243951 0.047735
-0.304723 -0.578075 -0.144390 -0.456790
-0.304723 -0.578075 -0.144390 -0.456790
0.285933 1.082416 -0.225157 1.169091
0.291660 -0.662019 0.512285 -0.594580
0.432337 1.081831 0.616887 1.178260
0.482862 1.012677 0.685423 1.117368
0.732586 0.316715 1.002822 0.397728
0.872820 0.562965 0.826444 -0.298325
0.875428 1.073982 1.163668 1.189513
1.099475 0.745953 1.433843 0.835294
1.251112 0.584667 1.628072 0.675534
1.251112 0.584667 1.628072 0.675534
1.946462 -0.976130 0.820892 -1.593205
2.501949 0.058859 0.279275 -0.824105
-1.919406 -0.690693 -1.668160 -0.430257
-1.919406 -0.690693 -1.668160 -0.430257
-1.667395 0.825706 -1.125071 0.925347
-1.640965 0.319440 -1.427468 0.464991
-1.604639 0.028573 -1.404629 0.190801
-1.488398 0.041400 -1.296259 0.203916
-1.046621 1.701982 -1.653521 1.687143
-0.752023 0.092132 -0.605680 0.222164
-0.615234 -0.101717 -0.475285 0.030445
-0.135003 0.142738 0.021199 0.247595
0.252100 0.624449 0.436981 0.720994
0.247125 0.726120 0.429765 0.828030
0.403389 0.314124 0.613856 0.405447
0.563300 0.019359 0.804908 0.097740
0.608527 -0.811701 1.042570 -0.826331
0.620441 -0.691631 1.067904 -0.674298
0.620441 -0.691631 1.067904 -0.674298
0.864565 1.084364 1.163668 1.189513
0.864565 1.084364 1.163668 1.189513
1.052327 1.434250 1.351071 1.566964
1.125571 1.122882 1.448373 1.253755
1.785775 0.569531 -1.115699 0.022448
-1.504228 -0.168978 -1.310671 0.016037
-1.418445 -0.623796 -1.237532 -0.407402
-1.290303 -0.149794 -1.115699 0.022448
-0.867760 0.832557 -0.731707 0.928234
-0.820068 -0.206052 -0.668268 -0.058018
-0.409393 1.130747 -1.745869 1.209772
-0.288733 0.811427 -0.146613 0.906549
-0.102697 -0.052040 0.062934 0.054312
0.219005 -0.019075 0.405617 0.067796
0.538871 0.827334 0.780545 0.920845
-1.993467 1.168667 -1.745869 1.209772
-1.875293 1.061255 -1.636640 1.128765
-1.043990 1.054134 -1.636640 1.128765
-0.923791 1.147284 -0.818191 1.170148
-0.279533 -0.081520 -0.127896 0.032361
-0.168715 1.148277 -0.071221 1.204292
0.186226 -1.468395 2.486905 -1.479326
0.498054 1.456439 0.677280 1.589907
1.592182 1.120337 2.100790 1.321662
-1.874087 1.066522 -1.636640 1.128765
-1.874087 1.066522 -1.636640 1.128765
-0.728627 1.159044 -0.059186 1.166162
-0.574650 -0.084909 -0.426583 0.045548
-0.298752 1.057490 -0.167188 1.143614
-0.298752 1.057490 -0.167188 1.143614
0.453104 0.156544 0.675594 0.229455
0.453104 0.156544 0.675594 0.229455
-1.949324 -0.365175 -1.705483 -0.131365
-1.711788 -1.058320 -1.477895 -0.762938
-0.925200 -1.500772 -1.255603 -1.211540
0.100032 -0.848438 0.429329 -0.727130
